12
Ami
Ann
Ben
Dan
Emy
Ira
Guy
Leo
Luc
Meg
Sue
Tom
  0   0   0   0   1   0   0   0   0   0   3   0  0   0   1   0   0   0   0   0   2   4   0   0  0   1   0   3   0   0   0   0   3   0   0   3  0   0   3   0   0   5   0   0   1   0   5   0  1   0   0   0   0   2   0   0   0   0   0   9  0   0   0   5   2   0   0   1   0   0   0   0  0   0   0   0   0   0   0   1   0   0   2   0  0   0   0   0   0   1   1   0   0   0   0   0  0   2   3   1   0   0   0   0   0  13   0   0  0   4   0   0   0   0   0   0  13   0   0   0  3   0   0   5   0   0   2   0   0   0   0  10  0   0   3   0   9   0   0   0   0   0  10   0
